# Elapsed time   CPU (%)     Real (MB)   Virtual (MB)
       0.000        0.000       38.969    10598.977
       1.001      488.700      317.836    14636.652
       2.002      718.900     1213.875    15091.031
       3.003      876.700     2251.871    15092.039
       4.005     1149.800     3552.754    15093.047
       5.006      922.600     4014.242    15094.055
       6.008      962.300     4967.262    15094.055
       7.009     1012.300     5220.012    15095.062
       8.010     1094.500     6016.535    15095.062
       9.011     1162.400     6124.469    15096.070
      10.013     1079.700     6405.711    15096.070
      11.014     1222.300     6863.105    15097.078
      12.015      959.700     7003.633    15097.078
      13.017     1052.700     7006.094    15097.078
      14.018     1181.300     7412.824    15097.078
      15.019     1174.300     7586.793    15097.078
      16.021     1099.500     7594.660    15097.078
      17.022     1149.200     7595.484    15097.078
      18.024     1045.100     7809.219    15097.078
      19.026     1200.900     7834.922    15104.133
      20.027     1575.800     7866.902    15104.133
      21.029      916.800     8078.691    15104.133
      22.030     1137.400     8086.188    15104.133
      23.031     1431.000     8088.715    15104.133
      24.033     1205.400     8164.004    15104.133
      25.034     1173.200     8240.422    15104.133
      26.036     1403.000     8300.922    15104.133
      27.037     1297.800     8302.625    15104.133
      28.038     1084.400     8353.316    15104.133
      29.039     1371.000     8357.402    15104.133
      30.041     1287.500     8395.715    15104.133
      31.042     1260.200     8396.555    15104.133
      32.053      995.200     8431.562    15104.133
      33.054     1300.800     8432.062    15104.133
      34.056     1137.300     8477.695    15104.133
      35.057     1236.300     8494.082    15104.133
      36.058     1071.500     8508.559    15104.133
      37.059     1028.500     8521.777    15104.133
      38.061     1068.800     8537.398    15104.133
      39.062     1053.500     8542.852    15104.133
      40.063      939.500     8548.480    15104.133
      41.065     1132.800     8555.074    15104.133
      42.066     1080.400     8564.844    15203.391
      43.068     1440.800     8577.957    15203.391
      44.069     1311.600     8623.242    15104.133
      45.081     1208.600     8623.965    15104.133
      46.082     1053.500     8624.945    15104.133
      47.083      960.700     8629.879    15168.133
      48.085     1637.700     8630.270    15168.133
      49.086      971.500     8631.445    15168.133
      50.088     1393.100     8632.254    15168.133
      51.089     1027.000     8632.578    15168.133
      52.090      873.800     8634.590    15168.133
      53.091     1814.500     8634.609    15168.133
      54.093     1035.700     8637.031    15168.133
      55.094     1380.900     8637.105    15168.133
      56.096     1137.400     8636.445    15168.133
      57.097     1251.700     8636.465    15168.133
      58.098     1181.100     8636.535    15168.133
      59.100     1352.900     8636.539    15168.133
      60.101     1505.600     8637.637    15168.133
      61.102     1165.300     8638.625    15168.133
      62.104     1856.900     8638.625    15168.133
      63.105     1115.100     8639.062    15168.133
      64.106     1596.800     8639.062    15168.133
      65.107     1302.000     8639.062    15168.133
      66.109     1426.000     8639.062    15168.133
      67.111     1734.200     8639.062    15168.133
      68.112     1152.400     8639.070    15168.133
      69.113     1448.000     8639.094    15168.133
      70.114     1599.700     8639.094    15168.133
      71.115     1291.100     8639.094    15168.133
      72.117     1434.300     8639.102    15168.133
      73.118     1477.800     8639.102    15168.133
      74.120     1246.100     8639.105    15168.133
      75.121     1645.500     8639.121    15168.133
      76.122     1383.100     8639.121    15168.133
      77.123     1465.000     8639.125    15168.133
      78.125     1707.000     8639.125    15168.133
      79.126     1653.700     8639.125    15168.133
      80.127     1512.800     8639.191    15168.133
      81.129     1862.800     8639.191    15168.133
      82.130     1678.700     8639.191    15168.133
      83.131     1546.600     8639.199    15168.133
      84.133     1799.000     8639.199    15168.133
      85.134     1696.600     8639.199    15168.133
      86.135     1804.500     8639.227    15168.133
      87.137     1832.900     8639.227    15168.133
      88.138     1428.800     8639.227    15168.133
      89.140     1711.500     8639.230    15168.133
      90.141     1580.500     8639.230    15168.133
      91.142     1265.000     8639.230    15168.133
      92.144     1706.300     8639.238    15168.133
      93.145     1466.800     8639.238    15168.133
      94.146     1092.500     8639.238    15168.133
      95.147     1387.000     8639.238    15168.133
      96.149     1574.100     8639.238    15168.133
      97.150     1220.000     8639.238    15168.133
      98.152     1516.400     8639.242    15168.133
      99.153     1303.200     8639.246    15168.133
     100.154     1046.300     8639.258    15168.133
     101.156     1599.500     8639.258    15168.133
     102.157     1356.900     8639.258    15168.133
     103.158     1221.300     8639.258    15168.133
     104.159     1362.000     8639.258    15168.133
     105.161     1366.400     8639.258    15168.133
     106.162     1527.900     8639.258    15168.133
     107.163     1605.700     8639.262    15168.133
     108.165     1723.000     8639.262    15168.133
     109.166     1418.000     8639.262    15168.133
     110.167     1745.600     8639.262    15168.133
     111.169     1635.800     8639.262    15168.133
     112.170     1578.700     8639.285    15168.133
     113.171     1301.200     8639.285    15168.133
     114.173     1878.900     8639.285    15168.133
     115.174     1419.900     8639.293    15168.133
     116.176     1649.600     8639.293    15168.133
     117.177     1325.600     8639.293    15168.133
     118.178     1659.700     8639.293    15168.133
     119.179     1587.800     8639.293    15168.133
     120.181     1321.400     8639.293    15168.133
     121.182     1581.800     8639.293    15168.133
     122.183     1576.600     8639.305    15168.133
     123.185     1453.400     8639.305    15168.133
     124.186     1374.100     8639.531    15168.133
     125.187     1682.700     8639.535    15168.133
     126.189     1326.300     8639.535    15168.133
     127.190     1347.200     8639.535    15168.133
     128.191     1615.700     8639.535    15168.133
     129.193     1303.500     8639.535    15168.133
     130.194     1281.200     8639.543    15168.133
     131.195     1223.100     8639.543    15168.133
     132.197     1475.400     8639.543    15168.133
     133.198     1440.100     8639.543    15168.133
     134.199     1402.100     8639.543    15168.133
     135.201     1555.900     8639.543    15168.133
     136.202     1425.100     8639.555    15168.133
     137.203     1487.900     8639.555    15168.133
     138.205     1436.400     8639.555    15168.133
     139.206     1439.100     8639.555    15168.133
     140.207     1341.100     8639.559    15168.133
     141.209     1791.300     8639.559    15168.133
     142.210     1781.400     8639.559    15168.133
     143.212     1949.300     8639.570    15168.133
     144.213     1894.200     8639.570    15168.133
     145.214     1878.500     8639.570    15168.133
     146.215     1568.600     8639.582    15168.133
     147.217     1597.200     8639.582    15168.133
     148.218     1794.500     8639.582    15168.133
     149.219     2001.200     8639.582    15168.133
     150.221     2321.200     8639.582    15168.133
     151.222     2116.100     8639.582    15168.133
     152.223     1942.200     8639.586    15168.133
     153.225     1732.800     8639.586    15168.133
     154.226     1595.800     8639.586    15168.133
     155.227     1623.700     8639.836    15168.133
     156.229     1313.400     8639.840    15168.133
     157.230     1896.400     8639.840    15168.133
     158.231     1597.900     8639.840    15168.133
     159.233     1683.700     8639.844    15168.133
     160.234     1770.600     8639.844    15168.133
     161.235     1828.500     8639.844    15168.133
     162.237     1719.900     8639.848    15168.133
     163.238     1444.000     8639.848    15168.133
     164.239     1939.300     8639.848    15168.133
     165.241     1918.400     8639.855    15168.133
     166.242     1956.200     8639.855    15168.133
     167.243     2020.200     8639.855    15168.133
     168.245     1626.200     8639.855    15168.133
     169.246     1638.800     8639.855    15168.133
     170.247     1737.500     8639.855    15168.133
     171.249     1900.600     8639.855    15168.133
     172.250     1626.700     8639.855    15168.133
     173.251     1801.400     8639.855    15168.133
     174.253     2162.600     8639.875    15168.133
     175.254     2004.200     8639.875    15168.133
     176.255     2027.200     8639.875    15168.133
     177.257     2274.200     8639.875    15168.133
     178.258     2271.900     8639.875    15168.133
     179.259     1641.800     8639.887    15168.133
     180.261     1630.900     8639.887    15168.133
     181.262     2114.900     8639.887    15168.133
     182.264     2152.900     8639.891    15168.133
     183.265     2217.000     8639.891    15168.133
     184.267     2328.700     8639.891    15168.133
     185.268     2184.900     8639.891    15168.133
     186.269     2150.900     8639.891    15168.133
     187.270     2304.600     8639.891    15168.133
     188.272     2125.000     8639.891    15168.133
     189.273     2455.400     8639.891    15168.133
     190.274     2029.200     8639.891    15168.133
     191.275     2060.800     8639.891    15168.133
     192.277     2040.700     8639.891    15168.133
     193.278     1904.100     8639.891    15168.133
     194.280     2200.600     8639.891    15168.133
     195.281     2180.100     8639.891    15168.133
     196.282     2244.800     8639.891    15168.133
     197.283     2134.700     8639.891    15168.133
     198.285     2133.800     8639.891    15168.133
     199.286     2224.900     8639.891    15168.133
     200.287     2261.900     8639.891    15168.133
     201.289     2078.500     8639.891    15168.133
     202.290     2175.100     8639.891    15168.133
     203.291     2116.100     8639.891    15168.133
     204.293     2401.800     8639.891    15168.133
     205.294     1803.600     8639.891    15168.133
     206.295     2123.100     8639.891    15168.133
     207.297     2065.300     8639.891    15168.133
     208.298     1915.400     8639.895    15168.133
     209.299     1907.500     8639.895    15168.133
     210.301     2007.300     8639.895    15168.133
     211.302     2094.100     8639.895    15168.133
     212.303     2195.000     8639.898    15168.133
     213.305     2307.100     8639.898    15168.133
     214.306     2241.900     8639.898    15168.133
     215.307     2225.000     8639.898    15168.133
     216.309     2154.000     8639.898    15168.133
     217.310     2211.000     8639.898    15168.133
     218.311     2253.500     8639.898    15168.133
     219.313     2368.600     8639.898    15168.133
     220.314     2264.900     8639.898    15168.133
     221.315     2146.100     8639.898    15168.133
     222.317     2270.200     8639.969    15168.133
     223.318     2184.000     8639.969    15168.133
     224.319     2225.900     8639.969    15168.133
     225.321     2226.300     8639.969    15168.133
     226.322     2405.800     8640.047    15168.133
     227.323     2257.000     8640.047    15168.133
     228.325     2406.800     8640.047    15168.133
     229.326     2220.000     8640.047    15168.133
     230.327     2047.200     8640.047    15168.133
     231.329     2168.300     8640.047    15168.133
     232.330     2177.100     8640.047    15168.133
     233.331     2069.200     8640.047    15168.133
     234.333     2365.600     8640.047    15168.133
     235.334     2309.600     8640.047    15168.133
     236.336     2201.900     8640.047    15168.133
     237.337     2235.700     8640.047    15168.133
     238.338     2123.200     8640.047    15168.133
     239.339     2326.600     8640.047    15168.133
     240.341     2263.200     8640.047    15168.133
     241.342     2265.900     8640.047    15168.133
     242.343     2244.000     8640.047    15168.133
     243.345     2037.400     8640.047    15168.133
     244.346     2061.300     8640.047    15168.133
     245.348     1860.700     8640.047    15168.133
     246.350     2056.900     8640.047    15168.133
     247.351     2147.800     8640.047    15168.133
     248.353     2122.900     8640.047    15168.133
     249.354     1964.600     8640.047    15168.133
     250.356     2169.800     8640.051    15168.133
     251.357     2353.200     8640.051    15168.133
     252.358     1581.300     8640.168    15168.133
     253.360     1301.800     8640.168    15168.133
     254.361     1317.100     8651.320    15169.141
     255.362      630.100     8651.551    15169.141
     256.363     1285.000     8656.184    15169.141
     257.365     1304.500     8656.660    15169.141
     258.366     1096.400     8661.363    15169.141
     259.368     1146.400     8661.363    15169.141
     260.369     1300.300     8661.363    15169.141
     261.371     1325.100     8661.379    15169.141
     262.373     1105.300     8666.336    15169.141
     263.374     1296.200     8666.344    15169.141
     264.375     1295.900     8666.344    15169.141
     265.377     1551.400     8673.535    15173.172
     266.378     1076.500     8705.445    15365.172
     267.379     1286.200     8706.656    15365.172
     268.381     1291.000     8707.047    15365.172
     269.383     1289.600     8707.879    15365.172
     270.385     1026.300     8715.062    15365.172
     271.386      541.200     8710.984    15365.172
     272.388     1246.100     8723.723    15365.172
     273.389     1204.300     8723.852    15365.172
     274.390     1358.100     8726.637    15365.172
     275.392      642.100     8739.465    15365.172
     276.393     1097.500     8739.406    15365.172
     277.394      804.900     8739.867    15365.172
     278.396      189.700     8739.805    15365.172
     279.397       99.800     8739.805    15365.172
     280.399      213.700     8782.258    15365.172
     281.400      123.800     8754.664    15365.172
     282.402       99.800     8754.664    15365.172
     283.404      204.700     8755.242    15365.172
     284.405      100.800     8755.242    15365.172
     285.407      156.800     8755.508    15365.172
     286.408       99.800     8755.508    15365.172
     287.410      100.800     8755.508    15365.172
     288.412       99.800     8755.508    15365.172
     289.413      100.800     8755.508    15365.172
     290.415      164.700     8755.988    15365.172
     291.417      100.800     8755.988    15365.172
     292.418      100.800     8755.988    15365.172
     293.420       99.800     8755.988    15365.172
     294.421       79.900     8755.988    15365.172
     295.422       85.900     8756.195    15365.172
     296.424      100.800     8756.195    15365.172
     297.425      100.800     8756.195    15365.172
     298.427       98.800     8756.195    15365.172
     299.429      123.800     8756.195    15365.172
     300.430       99.800     8756.195    15365.172
     301.432       99.800     8756.195    15365.172
     302.434       99.800     8756.195    15365.172
     303.435      113.800     8756.195    15365.172
     304.437       92.900     8756.195    15365.172
