# Elapsed time   CPU (%)     Real (MB)   Virtual (MB)
       0.000        0.000       82.391     8198.637
       1.001       46.900      375.523     8198.637
       2.003       49.900      657.570     8198.637
       3.005       44.900      927.758     8198.637
       4.007       48.900     1214.695     8198.637
       5.008       45.900     1483.336     8198.637
       6.010       46.900     1770.023     8198.637
       7.012       45.900     2044.078     8198.637
       8.013       45.900     2318.379     8198.637
       9.015       46.900     2595.270     8198.637
      10.017       42.900     2838.902     8198.637
      11.018       49.900     3138.223     8198.637
      12.020       49.900     3420.527     8198.637
      13.022       36.900     3634.254     8198.637
      14.023       30.900     3816.270     8198.637
      15.025       25.000     3953.941     8198.637
      16.027       17.000     4050.879     8198.637
      17.028       10.000     4113.785     8198.637
      18.030     1124.100     4437.266     8766.695
      19.032     1382.800     5079.820     8766.695
      20.033      504.200     5966.027     8830.695
      21.035      405.400     6480.215     8830.695
      22.036      323.500     6895.199     8830.695
      23.038      245.600     7165.590     8830.695
      24.039      284.500     7394.277     8830.695
      25.041      178.700     7464.324     8830.695
      26.043      131.800     7489.758     8830.695
      27.044      149.800     7564.871     8830.695
      28.046      151.800     7643.375     8830.695
      29.047      158.700     7705.645     8830.695
      30.049      170.700     7788.938     8830.695
      31.050      147.800     7881.223     8830.695
      32.052      127.800     7937.191     8830.695
      33.054      157.700     8041.531     8830.695
      34.055      147.800     8104.320     8830.695
      35.057      132.800     8164.941     8830.695
      36.059       98.800     8193.918     8742.652
      37.060       40.900     8193.918     8742.652
      38.062       38.900     8193.918     8742.652
      39.063       40.900     8193.918     8742.652
      40.065       40.900     8193.918     8742.652
      41.066       48.900     8193.918     8742.652
      42.068       50.900     8193.918     8742.652
      43.069       43.900     8193.918     8742.652
      44.071       42.900     8193.918     8742.652
      45.073       41.900     8193.918     8742.652
      46.074       42.900     8193.918     8742.652
      47.076     1061.400     8193.980     8830.695
      48.077     1230.100     8194.012     8830.695
      49.079      486.200     8194.012     8830.695
      50.080      361.400     8194.012     8830.695
      51.082      243.600     8194.012     8830.695
      52.083      275.600     8194.012     8830.695
      53.085      258.600     8194.012     8830.695
      54.086      217.700     8194.012     8830.695
      55.088      249.600     8194.012     8830.695
      56.090      207.700     8194.012     8830.695
      57.091      224.700     8194.012     8830.695
      58.093      145.700     8194.012     8830.695
      59.095      154.700     8194.012     8830.695
      60.096      219.600     8194.012     8830.695
      61.098      185.700     8194.012     8830.695
      62.100      134.800     8194.012     8830.695
      63.101       40.900     8193.926     8742.652
      64.103       36.900     8193.926     8742.652
      65.105       38.900     8193.926     8742.652
      66.106       36.900     8193.926     8742.652
      67.108       38.900     8193.926     8742.652
      68.110       37.900     8193.926     8742.652
      69.111       38.900     8193.926     8742.652
      70.113       39.900     8193.926     8742.652
      71.115       37.900     8193.926     8742.652
      72.116       40.900     8193.926     8742.652
      73.118      386.300     8193.941     8830.695
      74.119     1582.000     8193.969     8830.695
      75.121      656.900     8194.023     8830.695
      76.123      370.400     8194.023     8830.695
      77.124      238.600     8194.023     8830.695
      78.126      193.700     8194.023     8830.695
      79.127      235.600     8194.023     8830.695
      80.129      204.700     8194.023     8830.695
      81.131      188.700     8194.023     8830.695
      82.132      164.700     8194.023     8830.695
      83.134      160.700     8194.023     8830.695
      84.136      157.700     8194.023     8830.695
      85.137      147.800     8194.023     8830.695
      86.139      124.800     8194.023     8830.695
      87.141       35.900     8193.938     8742.652
      88.143       17.000     8193.938     8742.652
      89.144       19.000     8193.938     8742.652
      90.146       18.000     8193.938     8742.652
      91.148       34.900     8193.938     8742.652
      92.150       38.900     8193.938     8742.652
      93.151       38.900     8193.938     8742.652
      94.153       40.900     8193.938     8742.652
      95.155       38.900     8193.938     8742.652
      96.156       45.900     8193.938     8742.652
      97.158       45.900     8193.938     8742.652
      98.160       43.900     8193.938     8742.652
      99.161       45.900     8193.938     8742.652
     100.163     1583.500     8194.035     8830.695
     101.164      893.600     8194.039     8830.695
     102.166      409.300     8194.039     8830.695
     103.168      326.500     8194.039     8830.695
     104.169      273.500     8194.039     8830.695
     105.171      275.500     8194.039     8830.695
     106.173      237.600     8194.039     8830.695
     107.174      235.600     8194.039     8830.695
     108.176      278.600     8194.039     8830.695
     109.178      158.700     8194.039     8830.695
     110.179      129.800     8194.039     8830.695
     111.181      127.800     8194.039     8830.695
     112.182      114.800     8193.953     8742.652
     113.184       17.000     8193.953     8742.652
     114.186       37.900     8193.953     8742.652
     115.187       34.900     8193.953     8742.652
     116.189       37.900     8193.953     8742.652
     117.191       37.900     8193.953     8742.652
     118.193       37.900     8193.953     8742.652
     119.194       37.900     8193.953     8742.652
     120.196       38.900     8193.953     8742.652
     121.198       39.900     8193.953     8742.652
     122.199       37.900     8193.953     8742.652
     123.201      131.800     8193.953     8830.695
     124.202     1597.700     8194.000     8830.695
     125.204      875.600     8194.043     8830.695
     126.205      477.200     8194.043     8830.695
     127.207      249.600     8194.043     8830.695
     128.209      217.600     8194.043     8830.695
     129.210      213.700     8194.043     8830.695
     130.212      206.700     8194.043     8830.695
     131.214      231.600     8194.043     8830.695
     132.215      137.800     8194.043     8830.695
     133.217      120.800     8194.043     8830.695
     134.219      123.800     8194.043     8830.695
     135.220      124.800     8194.043     8830.695
     136.222       53.900     8193.957     8742.652
     137.224       16.000     8193.957     8742.652
     138.225       18.000     8193.957     8742.652
     139.227       14.000     8193.957     8742.652
     140.229       16.000     8193.957     8742.652
     141.230      544.100     8194.047     8830.695
     142.232      187.700     8194.047     8830.695
     143.234      135.800     3420.727     8742.652
     144.235       99.800     1436.652     3281.320
     145.237       98.800     3185.395     4646.656
     146.239       99.800     4953.988     6011.992
     147.240      100.800     6803.277     7377.328
     148.242       99.800     7660.246     8742.664
     149.243      100.800     7660.246     8742.664
     150.245       98.800     7660.246     8742.664
     151.247      100.800     7660.246     8742.664
     152.248       99.800     7660.246     8742.664
     153.250       98.800     7660.246     8742.664
     154.251      100.800     7660.246     8742.664
     155.253       99.800     7660.246     8742.664
     156.254       99.800     7660.246     8742.664
     157.256       99.800     7660.246     8742.664
     158.258       99.800     7660.246     8742.664
     159.259       99.800     7660.246     8742.664
     160.261      100.800     7660.246     8742.664
     161.263       98.800     7660.473     8742.664
     162.264       99.800     7660.473     8742.664
     163.266       99.800     7660.473     8742.664
     164.268      100.800     7660.473     8742.664
     165.269       99.800     7660.473     8742.664
     166.271       98.800     7660.473     8742.664
     167.273      100.800     7660.473     8742.664
     168.274       99.800     7660.473     8742.664
     169.276       99.800     7660.473     8742.664
     170.277      100.800     7660.473     8742.664
     171.279       99.800     7660.473     8742.664
     172.281       98.800     4099.547     6011.992
     173.282       99.800      148.836     1915.984
     174.284       13.000        1.984      550.648
     175.285       14.000        1.984      550.648
     176.287       20.000        1.984      550.648
     177.289       17.000        1.984      550.648
     178.291       18.000        1.984      550.648
     179.292       17.000        1.984      550.648
     180.294       25.000        1.984      550.648
     181.296       15.000        1.984      550.648
     182.297       17.000        1.984      550.648
     183.299       14.000        1.984      550.648
     184.301       15.000        1.984      550.648
     185.302       17.000        1.984      550.648
     186.304       16.000        1.984      550.648
     187.306       18.000        1.984      550.648
     188.307       17.000        1.984      550.648
     189.309       17.000        1.984      550.648
     190.311       17.000        1.984      550.648
     191.312       15.000        1.984      550.648
     192.314       15.000        1.984      550.648
     193.315       13.000        1.984      550.648
     194.317       17.000        1.984      550.648
     195.319       15.000        1.984      550.648
     196.320       16.000        1.984      550.648
     197.322       17.000        1.984      550.648
     198.324       18.000        1.984      550.648
     199.325       15.000        1.984      550.648
     200.327       18.000        1.984      550.648
     201.329       14.000        1.984      550.648
     202.331       15.000        1.984      550.648
     203.332       18.000        1.984      550.648
     204.334       22.000        1.984      550.648
     205.336       17.000        1.984      550.648
     206.337       18.000        1.984      550.648
     207.339       13.000        1.984      550.648
     208.341       23.000        1.984      550.648
     209.343       11.000        1.984      550.648
