# Elapsed time   CPU (%)     Real (MB)   Virtual (MB)
       0.000        0.000      113.355     8198.637
       1.001       62.900      504.715     8198.637
       2.003       59.900      888.598     8198.637
       3.005       60.900     1272.480     8198.637
       4.006       59.900     1655.074     8198.637
       5.008       59.900     2030.191     8198.637
       6.010       59.900     2400.410     8198.637
       7.011       61.900     2777.848     8198.637
       8.013       61.900     3154.512     8198.637
       9.015       62.900     3540.457     8198.637
      10.016       62.900     3933.105     8198.637
      11.018      787.800     4412.371     8766.695
      12.019     1478.800     5228.266     8766.695
      13.021      565.100     6148.539     8766.695
      14.022      254.600     6470.266     8766.695
      15.024      222.700     6567.273     8766.695
      16.025      440.300     6726.621     8766.695
      17.027      320.500     7005.070     8766.695
      18.028      198.700     7160.824     8766.695
      19.030      186.700     7258.238     8766.695
      20.032      223.600     7415.195     8766.695
      21.033      191.700     7538.293     8766.695
      22.035      201.700     7714.336     8766.695
      23.036      176.700     7846.750     8766.695
      24.038      173.700     7967.949     8766.695
      25.039      175.700     8075.906     8766.695
      26.041      150.800     8131.180     8766.695
      27.043      121.800     8194.016     8678.652
      28.044       29.000     8194.016     8678.652
      29.046       19.000     8194.016     8678.652
      30.047       18.000     8194.016     8678.652
      31.049       19.000     8194.016     8678.652
      32.051       18.000     8194.016     8678.652
      33.052       18.000     8194.016     8678.652
      34.054       28.000     8194.016     8678.652
      35.056       39.900     8194.016     8678.652
      36.057       41.900     8194.016     8678.652
      37.059       40.900     8194.016     8678.652
      38.060       41.900     8194.016     8678.652
      39.062       40.900     8194.016     8678.652
      40.063       42.900     8194.016     8678.652
      41.065       53.900     8194.023     8766.695
      42.067     1597.600     8194.094     8766.695
      43.068      951.700     8194.117     8830.695
      44.069      478.300     8194.117     8830.695
      45.071      445.300     8194.117     8830.695
      46.072      311.500     8194.117     8830.695
      47.074      257.600     8194.117     8830.695
      48.076      214.700     8194.117     8830.695
      49.077      210.700     8194.117     8830.695
      50.079      228.700     8194.117     8830.695
      51.080      166.800     8194.117     8830.695
      52.081      162.800     8194.117     8830.695
      53.083      148.800     8194.117     8830.695
      54.084      128.800     8194.117     8830.695
      55.086      104.900     8194.031     8742.652
      56.087       38.900     8194.031     8742.652
      57.089       40.900     8194.031     8742.652
      58.090       39.900     8194.031     8742.652
      59.092       38.900     8194.031     8742.652
      60.094       39.900     8194.031     8742.652
      61.095       39.900     8194.031     8742.652
      62.097       38.900     8194.031     8742.652
      63.098       39.900     8194.031     8742.652
      64.100       44.900     8194.031     8742.652
      65.102       42.900     8194.031     8742.652
      66.103      811.700     8194.109     8830.695
      67.105     1601.400     8194.121     8830.695
      68.106      722.800     8194.125     8830.695
      69.108      465.300     8194.125     8830.695
      70.110      358.400     8194.125     8830.695
      71.111      176.700     8194.125     8830.695
      72.113      223.600     8194.125     8830.695
      73.114      202.700     8194.125     8830.695
      74.116      197.700     8194.125     8830.695
      75.117      181.700     8194.125     8830.695
      76.119      178.700     8194.125     8830.695
      77.121      132.800     8194.125     8830.695
      78.122      130.800     8194.125     8830.695
      79.124       33.900     8194.039     8742.652
      80.125       16.000     8194.039     8742.652
      81.127       16.000     8194.039     8742.652
      82.129       16.000     8194.039     8742.652
      83.130       17.000     8194.039     8742.652
      84.132       15.000     8194.039     8742.652
      85.134       16.000     8194.039     8742.652
      86.135       17.000     8194.039     8742.652
      87.137       17.000     8194.039     8742.652
      88.138       18.000     8194.039     8742.652
      89.140       19.000     8194.039     8742.652
      90.142       17.000     8194.039     8742.652
      91.143       20.000     8194.039     8742.652
      92.145       37.900     8194.039     8742.652
      93.147       39.900     8194.039     8742.652
      94.148       40.900     8194.039     8742.652
      95.150       40.900     8194.039     8742.652
      96.151       54.900     8194.094     8830.695
      97.153     1603.500     8194.102     8830.695
      98.155      841.700     8194.125     8830.695
      99.156      436.300     8194.125     8830.695
     100.158      294.500     8194.125     8830.695
     101.159      239.600     8194.125     8830.695
     102.161      223.600     8194.125     8830.695
     103.163      190.700     8194.125     8830.695
     104.164      173.700     8194.125     8830.695
     105.166      186.700     8194.125     8830.695
     106.167      146.800     8194.125     8830.695
     107.169      127.800     8194.125     8830.695
     108.170      126.800     8194.125     8830.695
     109.172      135.800     8194.125     8830.695
     110.174       62.900     8194.039     8742.652
     111.175       38.900     8194.039     8742.652
     112.177       36.900     8194.039     8742.652
     113.178       39.900     8194.039     8742.652
     114.180       38.900     8194.039     8742.652
     115.181       39.900     8194.039     8742.652
     116.183       38.900     8194.039     8742.652
     117.185       41.900     8194.039     8742.652
     118.186       39.900     8194.039     8742.652
     119.188       40.900     8194.039     8742.652
     120.190      519.200     8194.094     8830.695
     121.191     1559.400     8194.105     8830.695
     122.193      599.000     8194.133     8830.695
     123.194      324.500     8194.133     8830.695
     124.196      301.500     8194.133     8830.695
     125.198      238.600     8194.133     8830.695
     126.199      205.700     8194.133     8830.695
     127.201      206.700     8194.133     8830.695
     128.202      179.700     8194.133     8830.695
     129.204      179.700     8194.133     8830.695
     130.205      157.700     8194.133     8830.695
     131.207      132.800     8194.133     8830.695
     132.209       51.900     8194.047     8742.652
     133.210       17.000     8194.047     8742.652
     134.212       15.000     8194.047     8742.652
     135.213       16.000     8194.047     8742.652
     136.215       17.000     8194.047     8742.652
     137.217       18.000     8194.047     8742.652
     138.218       16.000     8194.047     8742.652
     139.220       19.000     8194.047     8742.652
     140.222       38.900     8194.047     8742.652
     141.223       38.900     8194.047     8742.652
     142.225       39.900     8194.047     8742.652
     143.227       38.900     8194.047     8742.652
     144.228       38.900     8194.047     8742.652
     145.230       40.900     8194.047     8742.652
     146.231       42.900     8194.047     8742.652
     147.233     1411.700     8194.094     8830.695
     148.235     1001.400     8194.137     8830.695
     149.236      412.300     8194.137     8830.695
     150.238      261.600     8194.137     8830.695
     151.239      272.600     8194.137     8830.695
     152.241      257.600     8194.137     8830.695
     153.243      196.700     8194.137     8830.695
     154.244      207.700     8194.137     8830.695
     155.245      225.800     8194.137     8830.695
     156.247      206.700     8194.137     8830.695
     157.248      142.800     8194.137     8830.695
     158.250      127.800     8194.137     8830.695
     159.251       77.900     8194.051     8742.652
     160.253       14.000     8194.051     8742.652
     161.255       16.000     8194.051     8742.652
     162.256       17.000     8194.051     8742.652
     163.258       18.000     8194.051     8742.652
     164.259       36.900     8194.051     8742.652
     165.261       37.900     8194.051     8742.652
     166.263       36.900     8194.051     8742.652
     167.264       39.900     8194.051     8742.652
     168.266       37.900     8194.051     8742.652
     169.267       40.900     8194.051     8742.652
     170.269       38.900     8194.051     8742.652
     171.271       40.900     8194.051     8742.652
     172.272      936.600     8194.141     8830.695
     173.274     1343.000     8194.141     8830.695
     174.275      539.100     8194.141     8830.695
     175.277      323.500     8194.141     8830.695
     176.278      226.600     8194.141     8830.695
     177.280      217.700     8194.141     8830.695
     178.282      207.700     8194.141     8830.695
     179.283      162.700     8194.141     8830.695
     180.285      180.700     8194.141     8830.695
     181.286      142.800     8194.141     8830.695
     182.288      121.800     8194.141     8830.695
     183.290      139.800     8194.141     8830.695
     184.291       77.900     8194.055     8742.652
     185.293       15.000     8194.055     8742.652
     186.294       18.000     8194.055     8742.652
     187.296       27.000     8194.055     8742.652
     188.298       36.900     8194.055     8742.652
     189.299       37.900     8194.055     8742.652
     190.301       38.900     8194.055     8742.652
     191.302       37.900     8194.055     8742.652
     192.304       39.900     8194.055     8742.652
     193.306       44.900     8194.055     8742.652
     194.307       42.900     8194.055     8742.652
     195.309       39.900     8194.055     8742.652
     196.310      624.100     8194.062     8830.695
     197.312     1487.000     8194.105     8830.695
     198.313      644.100     8194.148     8830.695
     199.315      310.500     8194.148     8830.695
     200.316      217.700     8194.148     8830.695
     201.318      207.700     8194.148     8830.695
     202.319      180.700     8194.148     8830.695
     203.321      154.800     8194.148     8830.695
     204.323      167.700     8194.148     8830.695
     205.324      181.700     8194.148     8830.695
     206.326      168.700     8194.148     8830.695
     207.327      149.800     8194.148     8830.695
     208.329      108.800     8194.062     8742.652
     209.331       18.000     8194.062     8742.652
     210.332       14.000     8194.062     8742.652
     211.334       17.000     8194.062     8742.652
     212.335       15.000     8194.062     8742.652
     213.337       16.000     8194.062     8742.652
     214.339       18.000     8194.062     8742.652
     215.340       15.000     8194.062     8742.652
     216.342       16.000     8194.062     8742.652
     217.344       20.000     8194.062     8742.652
     218.345       30.900     8194.062     8742.652
     219.347       38.900     8194.062     8742.652
     220.349       38.900     8194.062     8742.652
     221.350       39.900     8194.062     8742.652
     222.352       40.900     8194.062     8742.652
     223.353       40.900     8194.062     8742.652
     224.355      593.100     8194.078     8830.695
     225.356     1523.400     8194.129     8830.695
     226.358      601.000     8194.152     8830.695
     227.359      319.500     8194.152     8830.695
     228.361      207.700     8194.152     8830.695
     229.362      214.700     8194.152     8830.695
     230.364      181.700     8194.152     8830.695
     231.365      198.700     8194.152     8830.695
     232.367      250.600     8194.152     8830.695
     233.368      182.700     8194.152     8830.695
     234.370      205.700     8194.152     8830.695
     235.372      127.800     8194.152     8830.695
     236.373      107.800     8194.066     8742.652
     237.375       36.900     8194.066     8742.652
     238.376       36.900     8194.066     8742.652
     239.378       36.900     8194.066     8742.652
     240.380       36.900     8194.066     8742.652
     241.381       37.900     8194.066     8742.652
     242.383       37.900     8194.066     8742.652
     243.384       38.900     8194.066     8742.652
     244.386       38.900     8194.066     8742.652
     245.388       39.900     8194.066     8742.652
     246.389       42.900     8194.066     8742.652
     247.391     1228.000     8194.148     8830.695
     248.392     1165.200     8194.164     8830.695
     249.394      405.400     8194.164     8830.695
     250.395      377.400     8194.164     8830.695
     251.397      224.600     8194.164     8830.695
     252.399      199.700     8194.164     8830.695
     253.400      188.700     8194.164     8830.695
     254.402      232.600     8194.164     8830.695
     255.403      232.600     8194.164     8830.695
     256.405      196.700     8194.164     8830.695
     257.406      129.800     8194.164     8830.695
     258.408      126.800     8194.164     8830.695
     259.410      127.800     8194.164     8830.695
     260.411       33.900     8194.078     8742.652
     261.413       14.000     8194.078     8742.652
     262.414       16.000     8194.078     8742.652
     263.416       17.000     8194.078     8742.652
     264.418       17.000     8194.078     8742.652
     265.419       34.900     8194.078     8742.652
     266.421       37.900     8194.078     8742.652
     267.423       38.900     8194.078     8742.652
     268.424       38.900     8194.078     8742.652
     269.426       39.900     8194.078     8742.652
     270.427       39.900     8194.078     8742.652
     271.429       39.900     8194.078     8742.652
     272.430       40.900     8194.078     8742.652
     273.432      881.600     8194.141     8830.695
     274.434     1420.700     8194.168     8830.695
     275.435      492.200     8194.168     8830.695
     276.437      237.600     8194.168     8830.695
     277.439      255.600     8194.168     8830.695
     278.440      279.600     8194.168     8830.695
     279.442      190.700     8194.168     8830.695
     280.443      194.700     8194.168     8830.695
     281.445      190.700     8194.168     8830.695
     282.446      160.800     8194.168     8830.695
     283.448      197.700     8194.168     8830.695
     284.449      172.700     8194.168     8830.695
     285.451       86.900     8194.082     8742.652
     286.453       18.000     8194.082     8742.652
     287.454       15.000     8194.082     8742.652
     288.456       21.000     8194.082     8742.652
     289.458       37.900     8194.082     8742.652
     290.459       37.900     8194.082     8742.652
     291.461       40.900     8194.082     8742.652
     292.462       38.900     8194.082     8742.652
     293.464       40.900     8194.082     8742.652
     294.466       40.900     8194.082     8742.652
     295.467       41.900     8194.082     8742.652
     296.469       43.900     8194.082     8742.652
     297.470      210.700     8194.137     8830.695
     298.472     1596.700     8194.156     8830.695
     299.473      779.800     8194.172     8830.695
     300.475      350.400     8194.172     8830.695
     301.477      314.500     8194.172     8830.695
     302.478      239.600     8194.172     8830.695
     303.480      206.700     8194.172     8830.695
     304.481      208.700     8194.172     8830.695
     305.483      169.700     8194.172     8830.695
     306.484      166.700     8194.172     8830.695
     307.486      134.800     8194.172     8830.695
     308.488      126.800     8194.172     8830.695
     309.489       85.900     8194.086     8742.652
     310.490       17.000     8194.086     8742.652
     311.492       18.000     8194.086     8742.652
     312.494       15.000     8194.086     8742.652
     313.495       19.000     8194.086     8742.652
     314.497       16.000     8194.086     8742.652
     315.498       16.000     8194.086     8742.652
     316.500       16.000     8194.086     8742.652
     317.502       17.000     8194.086     8742.652
     318.503       18.000     8194.086     8742.652
     319.505       19.000     8194.086     8742.652
     320.507       18.000     8194.086     8742.652
     321.508       39.900     8194.086     8742.652
     322.510       38.900     8194.086     8742.652
     323.511       38.900     8194.086     8742.652
     324.513       38.900     8194.086     8742.652
     325.515       38.900     8194.086     8742.652
     326.516      701.900     8194.133     8830.695
     327.518     1459.700     8194.176     8830.695
     328.519      433.300     8194.176     8830.695
     329.521      398.400     8194.176     8830.695
     330.522      333.500     8194.176     8830.695
     331.524      227.600     8194.176     8830.695
     332.525      182.700     8194.176     8830.695
     333.527      158.700     8194.176     8830.695
     334.529      123.800     8194.176     8830.695
     335.530      119.800     8194.176     8830.695
     336.532      126.800     8194.176     8830.695
     337.533      123.800     8194.176     8830.695
     338.535      138.800     8194.176     8830.695
     339.537       37.900     8194.090     8742.652
     340.538       37.900     8194.090     8742.652
     341.540       37.900     8194.090     8742.652
     342.541       36.900     8194.090     8742.652
     343.543       37.900     8194.090     8742.652
     344.545       37.900     8194.090     8742.652
     345.546       39.900     8194.090     8742.652
     346.548       37.900     8194.090     8742.652
     347.549       41.900     8194.090     8742.652
     348.551       44.900     8194.090     8742.652
     349.553      786.900     8194.105     8830.695
     350.554     1423.900     8194.184     8830.695
     351.556      508.200     8194.184     8830.695
     352.557      306.500     8194.184     8830.695
     353.559      213.700     8194.184     8830.695
     354.560      189.700     8194.184     8830.695
     355.562      194.700     8194.184     8830.695
     356.563      200.700     8194.184     8830.695
     357.565      159.800     8194.184     8830.695
     358.566      168.700     8194.184     8830.695
     359.568      172.700     8194.184     8830.695
     360.570      177.700     8194.184     8830.695
     361.571       62.900     8194.098     8742.652
     362.573       17.000     8194.098     8742.652
     363.574       17.000     8194.098     8742.652
     364.576       18.000     8194.098     8742.652
     365.578       17.000     8194.098     8742.652
     366.579       18.000     8194.098     8742.652
     367.581       19.000     8194.098     8742.652
     368.583       26.000     8194.098     8742.652
     369.584       38.900     8194.098     8742.652
     370.586       37.900     8194.098     8742.652
     371.587       39.900     8194.098     8742.652
     372.589       39.900     8194.098     8742.652
     373.591       41.900     8194.098     8742.652
     374.592       44.900     8194.098     8742.652
     375.594      403.400     8194.113     8830.695
     376.595     1565.900     8194.156     8830.695
     377.596      686.000     8194.188     8830.695
     378.598      343.400     8194.188     8830.695
     379.600      199.700     8194.188     8830.695
     380.601      175.700     8194.188     8830.695
     381.603      179.700     8194.188     8830.695
     382.604      177.700     8194.188     8830.695
     383.606      186.700     8194.188     8830.695
     384.608      188.700     8194.188     8830.695
     385.609      207.700     8194.188     8830.695
     386.611      186.700     8194.188     8830.695
     387.612       91.900     8194.102     8742.652
     388.614       18.000     8194.102     8742.652
     389.616       17.000     8194.102     8742.652
     390.617       18.000     8194.102     8742.652
     391.619       19.000     8194.102     8742.652
     392.620       18.000     8194.102     8742.652
     393.622       39.900     8194.102     8742.652
     394.624       36.900     8194.102     8742.652
     395.625       39.900     8194.102     8742.652
     396.627       37.900     8194.102     8742.652
     397.629       39.900     8194.102     8742.652
     398.630       39.900     8194.102     8742.652
     399.632       37.900     8194.102     8742.652
     400.633       42.900     8194.102     8742.652
     401.635     1398.700     8194.121     8830.695
     402.636     1037.300     8194.195     8830.695
     403.638      309.500     8194.195     8830.695
     404.640      247.600     8194.195     8830.695
     405.641      265.600     8194.195     8830.695
     406.643      216.700     8194.195     8830.695
     407.644      214.700     8194.195     8830.695
     408.646      268.600     8194.195     8830.695
     409.648      211.700     8194.195     8830.695
     410.649      180.700     8194.195     8830.695
     411.651      138.800     8194.195     8830.695
     412.652      126.800     8194.195     8830.695
     413.654      134.800     8194.195     8830.695
     414.656       64.900     8194.109     8742.652
     415.657       22.000     8194.109     8742.652
     416.659       38.900     8194.109     8742.652
     417.660       40.900     8194.109     8742.652
     418.662       41.900     8194.109     8742.652
     419.664       42.900     8194.109     8742.652
     420.665       44.900     8194.109     8742.652
     421.667       50.900     8194.109     8742.652
     422.669       49.900     8194.109     8742.652
     423.670       40.900     8194.109     8742.652
     424.672       41.900     8194.109     8742.652
     425.673      533.200     8194.176     8830.695
     426.675     1540.000     8194.199     8830.695
     427.676      580.100     8194.199     8830.695
     428.678      336.500     8194.199     8830.695
     429.679      287.500     8194.199     8830.695
     430.681      240.600     8194.199     8830.695
     431.682      187.700     8194.199     8830.695
     432.684      173.700     8194.199     8830.695
     433.685      184.700     8194.199     8830.695
     434.687      152.800     8194.199     8830.695
     435.689      165.700     8194.199     8830.695
     436.690      120.800     8194.199     8830.695
     437.692      121.800     8194.199     8830.695
     438.693       87.900     8194.113     8742.652
     439.695       17.000     8194.113     8742.652
     440.697       16.000     8194.113     8742.652
     441.698       16.000     8194.113     8742.652
     442.700       20.000     8194.113     8742.652
     443.701       17.000     8194.113     8742.652
     444.703       16.000     8194.113     8742.652
     445.705       17.000     8194.113     8742.652
     446.706       37.900     8194.113     8742.652
     447.708       37.900     8194.113     8742.652
     448.709       38.900     8194.113     8742.652
     449.711       35.900     8194.113     8742.652
     450.713       38.900     8194.113     8742.652
     451.714       36.900     8194.113     8742.652
     452.716       40.900     8194.113     8742.652
     453.717     1224.800     8194.121     8830.695
     454.718     1215.300     8194.203     8830.695
     455.720      521.300     8194.203     8830.695
     456.721      302.600     8194.203     8830.695
     457.722      194.700     8194.203     8830.695
     458.724      167.700     8194.203     8830.695
     459.726      156.800     8194.203     8830.695
     460.727      172.700     8194.203     8830.695
     461.729      161.700     8194.203     8830.695
     462.730      160.700     8194.203     8830.695
     463.732      149.800     8194.203     8830.695
     464.733      155.800     8194.203     8830.695
     465.735      144.800     8194.203     8830.695
     466.737       24.000     8194.117     8742.652
     467.738       17.000     8194.117     8742.652
     468.740       16.000     8194.117     8742.652
     469.741       22.000     8194.117     8742.652
     470.743       35.900     8194.117     8742.652
     471.745       38.900     8194.117     8742.652
     472.746       39.900     8194.117     8742.652
     473.748       38.900     8194.117     8742.652
     474.749       38.900     8194.117     8742.652
     475.751       38.900     8194.117     8742.652
     476.752       39.900     8194.117     8742.652
     477.754       39.900     8194.117     8742.652
     478.756      793.800     8194.180     8830.695
     479.757     1420.700     8194.207     8830.695
     480.759      597.100     8194.207     8830.695
     481.760      345.500     8194.207     8830.695
     482.762      222.700     8194.207     8830.695
     483.763      202.700     8194.207     8830.695
     484.765      221.700     8194.207     8830.695
     485.766      195.700     8194.207     8830.695
     486.768      154.800     8194.207     8830.695
     487.770      178.700     8194.207     8830.695
     488.771      129.800     8194.207     8830.695
     489.773      123.800     8194.207     8830.695
     490.774      125.800     8194.207     8830.695
     491.776      138.800     8194.207     8830.695
     492.777       98.900     8194.121     8742.652
     493.779       38.900     8194.121     8742.652
     494.780       39.900     8194.121     8742.652
     495.782       37.900     8194.121     8742.652
     496.784       42.900     8194.121     8742.652
     497.785       44.900     8194.121     8742.652
     498.787       52.900     8194.121     8742.652
     499.788       42.900     8194.121     8742.652
     500.790       39.900     8194.121     8742.652
     501.792       40.900     8194.121     8742.652
     502.793       42.900     8194.121     8742.652
     503.795     1190.100     8194.184     8830.695
     504.796     1188.100     8194.211     8830.695
     505.798      521.200     8194.211     8830.695
     506.799      332.500     8194.211     8830.695
     507.801      198.700     8194.211     8830.695
     508.803      156.800     8194.211     8830.695
     509.804      185.700     8194.211     8830.695
     510.806      180.700     8194.211     8830.695
     511.807      148.800     8194.211     8830.695
     512.809      165.700     8194.211     8830.695
     513.811      165.700     8194.211     8830.695
     514.812      167.700     8194.211     8830.695
     515.814       63.900     8194.125     8742.652
     516.815       21.000     8194.125     8742.652
     517.817       16.000     8194.125     8742.652
     518.819       17.000     8194.125     8742.652
     519.820       20.000     8194.125     8742.652
     520.822       19.000     8194.125     8742.652
     521.823       17.000     8194.125     8742.652
     522.825      626.000     8194.215     8830.695
     523.826      294.500     8194.215     8830.695
     524.828      178.700     8194.215     8830.695
     525.830      178.700     8194.215     8830.695
     526.831      134.800     1158.891     8742.652
     527.833      100.800     1626.250     2598.664
     528.834       99.800     3357.457     4134.805
     529.836       98.800     5079.898     5670.816
     530.838      100.800     6836.375     7718.832
     531.839       99.800     8194.016     8742.840
     532.841       99.900     8194.016     8742.840
     533.842       99.900     8194.016     8742.840
     534.843       99.800     8194.016     8742.840
     535.845      100.800     8194.016     8742.840
     536.846       99.800     8194.016     8742.840
     537.848       99.800     8194.016     8742.840
     538.850      100.800     8194.016     8742.840
     539.851       98.800     8194.016     8742.840
     540.853       99.800     8194.262     8742.840
     541.854       99.800     8194.262     8742.840
     542.856       97.800     8194.262     8742.840
     543.857       99.800     8194.262     8742.840
     544.859      100.800     8194.262     8742.840
     545.861       99.800     8194.262     8742.840
     546.862       98.800     8194.262     8742.840
     547.864       99.900     8194.262     8742.840
     548.865      100.800     8194.262     8742.840
     549.867       99.800     8194.262     8742.840
     550.868       99.800     8194.262     8742.840
     551.870       99.800     8194.262     8742.840
     552.871      100.800     8194.262     8742.840
     553.873       99.800     8194.262     8742.840
     554.875       99.800     8194.262     8742.840
     555.876       99.800     8194.262     8742.840
     556.878       99.800     8194.262     8742.840
     557.879       99.800     8194.262     8742.840
     558.881       99.800     8194.262     8742.840
     559.882      100.800     8194.262     8742.840
     560.884       98.900     8194.262     8742.840
     561.885       99.900     8194.262     8742.840
     562.905       88.200     8194.262     8742.840
     563.907       94.900     8194.262     8742.840
     564.908       92.900     8194.262     8742.840
     565.910       93.900     8194.262     8742.840
     566.912       91.900     8194.262     8742.840
     567.913       92.900     8194.262     8742.840
     568.915       92.900     8194.262     8742.840
     569.916       93.900     8194.262     8742.840
     570.918       92.900     8194.262     8742.840
     571.919       91.900     8194.262     8742.840
     572.921       92.900     8194.262     8742.840
     573.923       95.800     8194.262     8742.840
     574.924       99.800     8194.262     8742.840
     575.926       98.800     8194.262     8742.840
     576.927       90.900     8194.262     8742.840
     577.929       93.900     8194.262     8742.840
     578.931       93.900     8194.262     8742.840
     579.932       88.900     8194.262     8742.840
     580.934       94.800     8194.262     8742.840
     581.935       93.900     8194.262     8742.840
     582.937       94.800     8194.262     8742.840
     583.939       90.900     8194.262     8742.840
     584.940       93.900     8194.262     8742.840
     585.942       94.800     8194.262     8742.840
     586.943       89.900     8194.262     8742.840
     587.945       92.900     8194.262     8742.840
     588.946       93.900     8194.262     8742.840
     589.948       92.900     8194.262     8742.840
     590.950       99.800     8194.262     8742.840
     591.951       97.800     8194.262     8742.840
     592.953      100.800     8194.262     8742.840
     593.954       99.800     8194.262     8742.840
     594.956       99.800     8194.262     8742.840
     595.958       99.800     8194.262     8742.840
     596.959       99.800     8194.262     8742.840
     597.961       98.800     8194.262     8742.840
     598.962       89.900     8194.262     8742.840
     599.964       94.800     8194.262     8742.840
     600.965       92.900     8194.262     8742.840
     601.967       89.900     8194.262     8742.840
     602.969       91.800     8194.262     8742.840
     603.970       94.800     8194.262     8742.840
     604.972       90.900     8194.262     8742.840
     605.973      100.800     8194.262     8742.840
     606.975       96.800     8194.262     8742.840
     607.977       98.800     8194.262     8742.840
     608.978       92.900     8194.262     8742.840
     609.980       93.900     8194.262     8742.840
     610.981       92.900     8194.262     8742.840
     611.983       91.900     8194.262     8742.840
     612.985       94.800     8194.262     8742.840
     613.986       91.900     8194.262     8742.840
     614.988       94.800     8194.262     8742.840
     615.989       92.900     8194.262     8742.840
     616.991       91.900     8194.262     8742.840
     617.993       93.800     8194.262     8742.840
     618.994       92.900     8194.262     8742.840
     619.996       98.800     8194.262     8742.840
     620.997       95.800     8194.262     8742.840
     621.999      100.800     8194.262     8742.840
     623.001       98.800     8194.262     8742.840
     624.002       95.800     8194.262     8742.840
     625.004       92.900     8194.262     8742.840
     626.005       91.900     8194.262     8742.840
     627.007       92.900     8194.262     8742.840
     628.009       91.900     8194.262     8742.840
     629.010       93.900     8194.262     8742.840
     630.012      100.800     8194.262     8742.840
     631.013       98.800     8194.262     8742.840
     632.015       99.800     8194.262     8742.840
     633.017       99.800     8194.262     8742.840
     634.018       97.800     8194.262     8742.840
     635.020       93.900     8194.262     8742.840
     636.021       92.900     8194.262     8742.840
     637.023       96.800     8194.262     8742.840
     638.024      100.800     8194.262     8742.840
     639.026       96.800     8194.262     8742.840
     640.028       91.900     8194.262     8742.840
     641.029       93.900     8194.262     8742.840
     642.031       87.900     8194.262     8742.840
     643.032       93.900     8194.262     8742.840
     644.034       92.800     8194.262     8742.840
     645.036       96.800     8194.262     8742.840
     646.037       93.900     8194.262     8742.840
     647.039       89.900     8194.262     8742.840
     648.040       92.800     8194.262     8742.840
     649.042       93.800     8194.262     8742.840
     650.044       92.900     8194.262     8742.840
     651.045       93.900     8194.262     8742.840
     652.047       96.800     8194.262     8742.840
     653.048       97.800     8194.262     8742.840
     654.050       91.800     8194.246     8742.840
     655.052       96.800     7170.238     7718.832
     656.053       98.800     5634.227     6182.820
     657.055       98.800     4098.215     4646.809
     658.057       99.800     2562.203     3110.797
     659.058       98.800      514.188     1062.781
     660.060       98.800     1196.879     1916.086
     661.061      100.800     2894.832     4646.758
     662.063       99.800     4590.980     6012.094
     663.065       98.800     6286.355     7377.430
     664.066      100.800     8005.191     8742.766
     665.068       99.800     8128.426     8742.766
     666.069      100.800     8128.426     8742.766
     667.071       99.800     8128.426     8742.766
     668.072       97.800     8128.426     8742.766
     669.074       97.800     8128.426     8742.766
     670.076       96.800     8128.426     8742.766
     671.077       98.800     8128.426     8742.766
     672.079       94.800     8128.426     8742.766
     673.080       97.800     8128.426     8742.766
     674.082       99.800     8128.426     8742.766
     675.084       98.800     8128.426     8742.766
     676.085       97.800     8128.562     8742.766
     677.087       95.800     8128.562     8742.766
     678.094       96.300     8128.562     8742.766
     679.096       98.800     8128.562     8742.766
     680.097       97.900     8128.562     8742.766
     681.099       87.900     8128.562     8742.766
     682.100       96.800     8128.562     8742.766
     683.102       97.800     8128.562     8742.766
     684.103       97.800     8128.562     8742.766
     685.105       98.800     8128.562     8742.766
     686.107       95.800     8128.562     8742.766
     687.108       95.800     8128.562     8742.766
     688.110       94.800     8128.562     8742.766
     689.111       97.800     8128.562     8742.766
     690.113       96.800     8128.562     8742.766
     691.115       97.800     8128.562     8742.766
     692.116       94.800     8128.562     8742.766
     693.118       98.800     8128.562     8742.766
     694.119       97.800     8128.562     8742.766
     695.121       96.800     8128.562     8742.766
     696.123       99.800     8128.562     8742.766
     697.124       95.800     8128.562     8742.766
     698.126       97.800     8128.562     8742.766
     699.127       96.800     8128.562     8742.766
     700.129       97.800     8128.562     8742.766
     701.130       96.800     8128.562     8742.766
     702.132       94.800     8128.562     8742.766
     703.134       93.900     8128.562     8742.766
     704.135       94.800     8128.562     8742.766
     705.137       93.800     8128.562     8742.766
     706.138       97.800     8128.562     8742.766
     707.140       99.800     8128.562     8742.766
     708.142      100.800     8128.562     8742.766
     709.143       98.800     8128.562     8742.766
     710.145       99.800     8128.562     8742.766
     711.146       99.800     8128.562     8742.766
     712.148       99.800     8128.562     8742.766
     713.150       99.800     8128.562     8742.766
     714.151       96.800     8128.562     8742.766
     715.153       99.800     8128.562     8742.766
     716.154       99.800     8128.562     8742.766
     717.156      100.800     8128.562     8742.766
     718.158       99.800     8128.562     8742.766
     719.159       96.800     8128.562     8742.766
     720.161      100.800     8128.562     8742.766
     721.162       98.800     8128.562     8742.766
     722.164       99.800     8128.562     8742.766
     723.166      100.800     8128.562     8742.766
     724.167       96.800     8128.562     8742.766
     725.169       99.800     8128.562     8742.766
     726.170       98.800     8128.562     8742.766
     727.172       99.800     8128.562     8742.766
     728.174      100.800     8128.562     8742.766
     729.175       97.800     8128.562     8742.766
     730.177       99.800     8128.562     8742.766
     731.178       99.800     8128.562     8742.766
     732.180       99.800     8128.562     8742.766
     733.182       99.800     8128.562     8742.766
     734.183       99.800     8128.562     8742.766
     735.185       99.800     8128.562     8742.766
     736.186       99.800     8128.562     8742.766
     737.188       99.800     8128.562     8742.766
     738.190       99.800     8128.562     8742.766
     739.191       98.800     8128.562     8742.766
     740.193      100.800     8128.562     8742.766
     741.194       99.800     8128.562     8742.766
     742.196       99.800     8128.562     8742.766
     743.198       99.800     8128.562     8742.766
     744.199       98.800     8128.562     8742.766
     745.201      100.800     8128.562     8742.766
     746.202       99.800     8128.562     8742.766
     747.204       99.800     8128.562     8742.766
     748.206       99.800     8128.562     8742.766
     749.207       98.800     8128.562     8742.766
     750.209      100.800     8128.562     8742.766
     751.210       98.800     8128.562     8742.766
     752.212      100.800     8128.562     8742.766
     753.214       99.800     8128.562     8742.766
     754.215       96.900     8128.562     8742.766
     755.217       99.800     8128.562     8742.766
     756.218       99.800     8128.562     8742.766
     757.220       99.800     8128.562     8742.766
     758.221      100.800     8128.562     8742.766
     759.223       98.800     8128.562     8742.766
     760.224       99.800     8128.562     8742.766
     761.226      100.800     8128.562     8742.766
     762.228       98.800     8128.562     8742.766
     763.229      100.800     8128.562     8742.766
     764.231       97.800     8128.562     8742.766
     765.233       99.800     8128.562     8742.766
     766.234      100.800     8128.562     8742.766
     767.236       98.800     8128.562     8742.766
     768.237      100.800     8128.562     8742.766
     769.239       96.800     8128.562     8742.766
     770.240       94.900     8128.562     8742.766
     771.242       94.900     8128.562     8742.766
     772.244       94.900     8128.562     8742.766
     773.245       97.800     5463.527     6012.094
     774.247       97.800     1367.520     1916.086
     775.248       98.800     1367.520     1916.086
     776.250       98.800     1367.520     1916.086
     777.252       98.800     1367.520     1916.086
     778.253       98.800     1367.520     1916.086
     779.255       50.900        2.184      550.750
     780.256       20.000        2.184      550.750
     781.258       17.000        2.184      550.750
     782.260       19.000        2.184      550.750
     783.261       22.000        2.184      550.750
     784.263       19.000        2.184      550.750
     785.265       19.000        2.184      550.750
     786.266       12.000        2.184      550.750
     787.268       14.000        2.184      550.750
     788.270       23.000        2.184      550.750
     789.271       12.000        2.184      550.750
     790.273       14.000        2.184      550.750
     791.274       13.000        2.184      550.750
     792.276       13.000        2.184      550.750
     793.278       14.000        2.184      550.750
     794.279       16.000        2.184      550.750
     795.281       10.000        2.184      550.750
     796.283       10.000        2.184      550.750
     797.284       11.000        2.184      550.750
     798.286       13.000        2.184      550.750
     799.287       16.000        2.184      550.750
     800.289       13.000        2.184      550.750
     801.291       14.000        2.184      550.750
     802.292       12.000        2.184      550.750
     803.294       13.000        2.184      550.750
     804.296       15.000        2.184      550.750
     805.297       13.000        2.184      550.750
     806.299       14.000        2.184      550.750
     807.301       20.000        2.184      550.750
     808.302       23.000        2.184      550.750
     809.304       21.000        2.184      550.750
     810.305       15.000        2.184      550.750
     811.307       19.000        2.184      550.750
     812.309       21.000        2.184      550.750
     813.310       21.000        2.184      550.750
     814.312       21.000        2.184      550.750
     815.314       19.000        2.184      550.750
     816.315       22.000        2.184      550.750
     817.317       14.000        2.184      550.750
     818.319       16.000        2.184      550.750
     819.320       22.000        2.184      550.750
     820.322       24.000        2.184      550.750
     821.323       17.000        2.184      550.750
     822.325       22.000        2.184      550.750
     823.327       19.000        2.184      550.750
     824.328       24.000        2.184      550.750
     825.330       13.000        2.184      550.750
     826.332       18.000        2.184      550.750
     827.333       21.000        2.184      550.750
     828.335       24.000        2.184      550.750
     829.336       22.000        2.184      550.750
